-1.0 -1.0 50.0 49.64839553833008 50.0 41.802982330322266 50.0 52.12290573120117 0.0
-1.0 -1.0 150.0 50.131126403808594 33.33333206176758 41.89222717285156 150.0 51.968753814697266 1.0
-1.0 -1.0 116.66666412353516 49.7579231262207 38.88888931274414 41.72996520996094 116.66666412353516 52.02149200439453 2.0
-1.0 -1.0 50.0 49.31169891357422 50.0 41.88005828857422 50.0 51.97686767578125 3.0
-1.0 -1.0 0.0 49.87556457519531 46.296295166015625 41.76241683959961 72.22222137451172 51.97281265258789 4.0
-1.0 -1.0 44.44444274902344 49.28330612182617 38.88888931274414 41.85977554321289 64.81481170654297 52.0539436340332 5.0
-1.0 -1.0 133.3333282470703 49.67273712158203 41.35802459716797 41.76241683959961 50.0 52.00932312011719 6.0
-1.0 -1.0 103.70370483398438 49.741695404052734 46.296295166015625 41.85572052001953 54.938270568847656 52.00932312011719 7.0
-1.0 -1.0 44.44444274902344 47.29558181762695 44.65020751953125 41.79081344604492 53.29218292236328 51.94441604614258 8.0
-1.0 -1.0 64.1975326538086 49.741695404052734 41.35802459716797 41.819210052490234 50.0 51.97686767578125 9.0
-1.0 -1.0 57.6131706237793 49.33604049682617 34.77366256713867 40.81317901611328 51.09739303588867 52.06611251831055 10.0
-1.0 -1.0 44.44444274902344 49.250850677490234 36.968448638916016 41.8354377746582 53.29218292236328 52.02149200439453 11.0
-1.0 -1.0 48.83401870727539 49.30764389038086 41.35802459716797 41.798927307128906 52.560585021972656 52.1066780090332 12.0
-1.0 -1.0 57.6131706237793 49.806602478027344 50.13717269897461 41.90439987182617 51.09739303588867 51.595550537109375 13.0
-1.0 -1.0 54.68678665161133 49.640281677246094 47.210792541503906 41.802982330322266 51.58512496948242 51.546871185302734 14.0
-1.0 -1.0 48.83401870727539 50.131126403808594 41.35802459716797 41.823265075683594 51.42254638671875 51.5103645324707 15.0
-1.0 -1.0 50.784942626953125 49.74575424194336 43.3089485168457 41.867889404296875 51.47673797607422 52.1066780090332 16.0
-1.0 -1.0 50.1346321105957 49.733585357666016 42.65863800048828 41.766475677490234 51.58512496948242 51.63611602783203 17.0
-1.0 -1.0 48.83401870727539 49.8106575012207 41.35802459716797 41.79081344604492 51.54899597167969 51.57121276855469 18.0
-1.0 -1.0 49.26755905151367 49.77009201049805 41.791561126708984 41.77864456176758 51.561038970947266 51.58743667602539 19.0
-1.0 -1.0 50.1346321105957 49.77415084838867 42.65863800048828 41.871944427490234 51.58512496948242 51.611778259277344 20.0
-1.0 -1.0 49.84560775756836 49.7579231262207 42.36961364746094 41.81109619140625 51.633296966552734 51.595550537109375 21.0
-1.0 -1.0 49.26755905151367 49.802547454833984 41.791561126708984 41.88005828857422 51.61723709106445 51.60366439819336 22.0
-1.0 -1.0 49.46023941040039 49.81471633911133 41.98424530029297 41.80704116821289 51.58512496948242 51.58338165283203 23.0
-1.0 -1.0 49.39601135253906 49.22245407104492 41.92001724243164 41.770530700683594 51.520896911621094 51.546871185302734 24.0
-1.0 -1.0 49.417423248291016 49.636226654052734 41.791561126708984 41.75836181640625 51.39244079589844 51.51441955566406 25.0
-1.0 -1.0 49.46023941040039 49.69301986694336 41.834381103515625 41.819210052490234 51.43526077270508 51.6158332824707 26.0
-1.0 -1.0 49.44596862792969 49.27113342285156 41.82011032104492 41.78269958496094 51.520896911621094 51.57526779174805 27.0
-1.0 -1.0 49.45072555541992 49.7579231262207 41.824867248535156 41.85977554321289 51.692169189453125 51.97281265258789 28.0
-1.0 -1.0 49.46023941040039 49.733585357666016 41.834381103515625 41.86383056640625 52.03471755981445 51.936302185058594 29.0
-1.0 -1.0 49.479270935058594 49.74575424194336 41.85341262817383 41.89222717285156 51.920536041259766 52.00526428222656 30.0
-1.0 -1.0 49.517333984375 49.63216781616211 41.847068786621094 41.75430679321289 51.95859909057617 52.1066780090332 31.0
-1.0 -1.0 49.59345626831055 49.71735763549805 41.834381103515625 41.77458953857422 52.03471755981445 52.082340240478516 32.0
-1.0 -1.0 49.745697021484375 49.733585357666016 41.80900573730469 41.823265075683594 52.18696212768555 52.508277893066406 33.0
-1.0 -1.0 49.694950103759766 49.741695404052734 41.75825881958008 41.78269958496094 52.13621520996094 51.95252990722656 34.0
-1.0 -1.0 49.59345626831055 49.21028518676758 41.775177001953125 42.88608932495117 52.03471755981445 52.07422637939453 35.0
-1.0 -1.0 49.62728500366211 49.69301986694336 41.80900573730469 41.86383056640625 52.06855010986328 52.0539436340332 36.0
-1.0 -1.0 49.694950103759766 49.74575424194336 41.7977294921875 41.79487228393555 52.057273864746094 51.97281265258789 37.0
-1.0 -1.0 49.83027648925781 50.23659896850586 41.801490783691406 41.802982330322266 52.03471755981445 52.049888610839844 38.0
-1.0 -1.0 49.7851676940918 49.71330261230469 41.800235748291016 41.40138244628906 51.98960876464844 51.97281265258789 39.0
-1.0 -1.0 49.694950103759766 49.69707489013672 41.7977294921875 41.73402404785156 51.899391174316406 51.56715393066406 40.0
-1.0 -1.0 49.72502517700195 49.737640380859375 41.79856491088867 41.85977554321289 51.929466247558594 52.02554702758789 41.0
-1.0 -1.0 49.71500015258789 49.67273712158203 41.79828643798828 41.78269958496094 51.98960876464844 51.980926513671875 42.0
-1.0 -1.0 49.694950103759766 49.70924377441406 41.79838180541992 41.823265075683594 51.96956253051758 51.55498504638672 43.0
-1.0 -1.0 49.70163345336914 49.721412658691406 41.79834747314453 41.73807907104492 51.97624588012695 51.980926513671875 44.0
-1.0 -1.0 49.71500015258789 49.74575424194336 41.79828643798828 41.75836181640625 51.98960876464844 52.07828140258789 45.0
-1.0 -1.0 49.741729736328125 49.753868103027344 41.798309326171875 41.8881721496582 51.98515319824219 51.92413330078125 46.0
-1.0 -1.0 49.79519271850586 49.77415084838867 41.79834747314453 41.87600326538086 51.97624588012695 51.968753814697266 47.0
-1.0 -1.0 49.777374267578125 49.7051887512207 41.798431396484375 41.8354377746582 51.97921371459961 51.97686767578125 48.0
-1.0 -1.0 49.741729736328125 49.74575424194336 41.7985954284668 42.26948928833008 51.98515319824219 52.049888610839844 49.0
-1.0 -1.0 49.75361251831055 49.74980926513672 41.79854202270508 41.750247955322266 51.99703598022461 51.989036560058594 50.0
-1.0 -1.0 49.777374267578125 49.76603698730469 41.798431396484375 41.75430679321289 52.02079772949219 52.033660888671875 51.0
-1.0 -1.0 49.824893951416016 49.786319732666016 41.79846954345703 43.389102935791016 52.012874603271484 51.94847106933594 52.0
-1.0 -1.0 49.91994094848633 50.131126403808594 41.79854202270508 41.815155029296875 52.01551818847656 52.01337814331055 53.0
-1.0 -1.0 49.88825988769531 49.72952651977539 41.79868698120117 41.815155029296875 52.0146369934082 51.62394714355469 54.0
-1.0 -1.0 49.824893951416016 49.7579231262207 41.798980712890625 41.798927307128906 52.012874603271484 51.92413330078125 55.0
-1.0 -1.0 49.84601593017578 50.463768005371094 41.798885345458984 41.78675842285156 52.01346206665039 52.033660888671875 56.0
-1.0 -1.0 49.83897399902344 49.33198165893555 41.79868698120117 41.77864456176758 52.0146369934082 52.11073684692383 57.0
-1.0 -1.0 49.824893951416016 49.74575424194336 41.79875183105469 41.823265075683594 52.014244079589844 51.984981536865234 58.0
-1.0 -1.0 49.79673385620117 49.31169891357422 41.798885345458984 41.83137893676758 52.01437759399414 52.11073684692383 59.0
-1.0 -1.0 49.74040985107422 48.93849563598633 41.7988395690918 41.79081344604492 52.0146369934082 52.11073684692383 60.0
-1.0 -1.0 49.62776565551758 48.983116149902344 41.79875183105469 41.79487228393555 52.015159606933594 52.0539436340332 61.0
-1.0 -1.0 49.665313720703125 49.834999084472656 41.79878234863281 41.89222717285156 52.01620101928711 52.07422637939453 62.0
-1.0 -1.0 49.74040985107422 49.74575424194336 41.798770904541016 41.75836181640625 52.018287658691406 52.037715911865234 63.0
-1.0 -1.0 49.71537780761719 48.958778381347656 41.79877471923828 41.80704116821289 52.0224609375 52.02554702758789 64.0
-1.0 -1.0 49.665313720703125 49.688961029052734 41.79878234863281 41.851661682128906 52.02106857299805 51.95658493041992 65.0
-1.0 -1.0 49.682003021240234 49.76197814941406 41.79879379272461 41.89222717285156 52.02153015136719 52.07017135620117 66.0
-1.0 -1.0 49.67643737792969 49.619998931884766 41.79882049560547 41.89222717285156 52.0224609375 52.12290573120117 67.0
-1.0 -1.0 49.665313720703125 49.563209533691406 41.79887390136719 41.84354782104492 52.024314880371094 52.0539436340332 68.0
-1.0 -1.0 49.643062591552734 49.636226654052734 41.79897689819336 41.90034103393555 52.02369689941406 51.97281265258789 69.0
-1.0 -1.0 49.59856033325195 49.25490951538086 41.7991828918457 41.81109619140625 52.023902893066406 52.05799865722656 70.0
-1.0 -1.0 49.61339569091797 49.753868103027344 41.79911422729492 41.78269958496094 52.024314880371094 52.029605865478516 71.0
-1.0 -1.0 49.643062591552734 49.786319732666016 41.799137115478516 41.90034103393555 52.02417755126953 52.00932312011719 72.0
-1.0 -1.0 49.702396392822266 49.74575424194336 41.7991828918457 41.80704116821289 52.023902893066406 51.94441604614258 73.0
-1.0 -1.0 49.82107162475586 49.79443359375 41.79927444458008 41.823265075683594 52.02399444580078 52.049888610839844 74.0
-1.0 -1.0 49.78151321411133 48.88981628417969 41.79945755004883 41.87600326538086 52.02417755126953 52.07828140258789 75.0
-1.0 -1.0 49.794700622558594 49.790374755859375 41.79939651489258 41.798927307128906 52.02454376220703 52.475826263427734 76.0
-1.0 -1.0 49.79030227661133 49.741695404052734 41.799415588378906 41.823265075683594 52.02527618408203 52.04177474975586 77.0
-1.0 -1.0 49.78151321411133 49.7051887512207 41.799407958984375 41.75430679321289 52.02503204345703 51.6158332824707 78.0
-1.0 -1.0 49.76393127441406 49.753868103027344 41.79941177368164 41.8354377746582 52.02511215209961 52.04177474975586 79.0
-1.0 -1.0 49.7287712097168 49.72952651977539 41.799415588378906 41.815155029296875 52.02527618408203 52.0539436340332 80.0
-1.0 -1.0 49.7404899597168 49.84716796875 41.799415588378906 41.77458953857422 52.02560043334961 52.0904541015625 81.0
-1.0 -1.0 49.7365837097168 48.89387512207031 41.79941177368164 41.766475677490234 52.02625274658203 52.086395263671875 82.0
-1.0 -1.0 49.7287712097168 48.90198516845703 41.79941177368164 41.86383056640625 52.02603530883789 51.61989212036133 83.0
-1.0 -1.0 49.73137283325195 49.733585357666016 41.79941177368164 41.68939971923828 52.02560043334961 51.546871185302734 84.0
-1.0 -1.0 49.7365837097168 49.74980926513672 41.79941177368164 41.78675842285156 52.02473068237305 51.57121276855469 85.0
-1.0 -1.0 49.73484802246094 48.88981628417969 41.799407958984375 41.76241683959961 52.02299499511719 51.55093002319336 86.0
-1.0 -1.0 49.73137283325195 48.99934387207031 41.79941177368164 41.80704116821289 52.01952362060547 51.5103645324707 87.0
-1.0 -1.0 49.724430084228516 49.315757751464844 41.79941177368164 41.871944427490234 52.012577056884766 51.490081787109375 88.0
-1.0 -1.0 49.71053695678711 48.93849563598633 41.79941177368164 41.884117126464844 51.998687744140625 51.51441955566406 89.0
-1.0 -1.0 49.68275451660156 48.86953353881836 41.79941177368164 41.77458953857422 51.97090530395508 51.52253341674805 90.0
-1.0 -1.0 49.62718963623047 48.89387512207031 41.79941177368164 41.867889404296875 51.915340423583984 51.55498504638672 91.0
-1.0 -1.0 49.51605987548828 48.9547233581543 41.79941177368164 41.884117126464844 51.8042106628418 51.58338165283203 92.0
-1.0 -1.0 49.293800354003906 49.42528533935547 41.79941177368164 41.83949279785156 51.581947326660156 51.660457611083984 93.0
-1.0 -1.0 48.849281311035156 48.88981628417969 41.79941177368164 41.79081344604492 51.656036376953125 51.595550537109375 94.0
-1.0 -1.0 48.99745559692383 48.88981628417969 41.79941177368164 41.75430679321289 51.63134002685547 51.57121276855469 95.0
-1.0 -1.0 49.293800354003906 50.74772644042969 41.79941177368164 41.79487228393555 51.581947326660156 51.58338165283203 96.0
-1.0 -1.0 49.88649368286133 49.30764389038086 41.799407958984375 41.79487228393555 51.4831657409668 51.490081787109375 97.0
-1.0 -1.0 49.68893051147461 49.74980926513672 41.79940414428711 41.79081344604492 51.51609420776367 51.58338165283203 98.0
-1.0 -1.0 49.754783630371094 49.8106575012207 41.799407958984375 41.80704116821289 51.581947326660156 51.53470230102539 99.0
-1.0 -1.0 49.88649368286133 49.7579231262207 41.799407958984375 41.78269958496094 51.55999755859375 51.51441955566406 100.0
-1.0 -1.0 49.84259033203125 49.74980926513672 41.79940414428711 41.79487228393555 51.51609420776367 51.5103645324707 101.0
-1.0 -1.0 49.754783630371094 49.737640380859375 41.79940414428711 41.75430679321289 51.53072738647461 51.55093002319336 102.0
-1.0 -1.0 49.57917022705078 49.71330261230469 41.79940414428711 41.85572052001953 51.55999755859375 52.50422286987305 103.0
-1.0 -1.0 49.6377067565918 49.74575424194336 41.79940414428711 41.746192932128906 51.55023956298828 51.55093002319336 104.0
-1.0 -1.0 49.754783630371094 50.07027816772461 41.79940414428711 41.90439987182617 51.55349349975586 52.02149200439453 105.0
-1.0 -1.0 49.98893356323242 49.77009201049805 41.79940414428711 41.871944427490234 51.55999755859375 52.017433166503906 106.0
-1.0 -1.0 49.910884857177734 49.72547149658203 41.79940414428711 41.73807907104492 51.557830810546875 51.55498504638672 107.0
-1.0 -1.0 49.754783630371094 49.855281829833984 41.79940414428711 41.78675842285156 51.55855178833008 51.611778259277344 108.0
-1.0 -1.0 49.44258499145508 48.86953353881836 41.79940414428711 41.90439987182617 51.55999755859375 51.60771942138672 109.0
-1.0 -1.0 49.54664993286133 49.952640533447266 41.79940414428711 41.802982330322266 51.562889099121094 51.5630989074707 110.0
-1.0 -1.0 49.511962890625 49.30764389038086 41.79940414428711 41.88005828857422 51.568668365478516 51.660457611083984 111.0
-1.0 -1.0 49.44258499145508 49.27924728393555 41.79940414428711 41.80704116821289 51.566741943359375 51.55093002319336 112.0
-1.0 -1.0 49.4657096862793 49.668678283691406 41.79940414428711 41.8881721496582 51.567386627197266 51.579322814941406 113.0
-1.0 -1.0 49.45800018310547 49.3198127746582 41.79940414428711 41.79487228393555 51.568668365478516 52.02554702758789 114.0
-1.0 -1.0 49.44258499145508 49.230567932128906 41.79940414428711 41.84354782104492 51.57123947143555 51.989036560058594 115.0
-1.0 -1.0 49.411746978759766 49.31169891357422 41.79940414428711 41.82732391357422 51.576377868652344 51.99715042114258 116.0
-1.0 -1.0 49.35007858276367 49.2670783996582 41.79940414428711 41.83137893676758 51.5866584777832 51.99309539794922 117.0
-1.0 -1.0 49.226741790771484 49.315757751464844 41.79940414428711 42.29788589477539 51.60721206665039 51.980926513671875 118.0
-1.0 -1.0 49.267852783203125 49.66056442260742 41.799407958984375 42.253265380859375 51.6483268737793 51.980926513671875 119.0
-1.0 -1.0 49.35007858276367 49.352264404296875 41.799407958984375 42.29788589477539 51.730552673339844 51.94441604614258 120.0
-1.0 -1.0 49.322669982910156 48.99528884887695 41.79941177368164 42.257320404052734 51.70314407348633 51.44951248168945 121.0
-1.0 -1.0 49.267852783203125 48.8817024230957 41.79941940307617 41.87600326538086 51.7122802734375 52.02554702758789 122.0
-1.0 -1.0 49.15821838378906 48.67076110839844 41.799434661865234 41.802982330322266 51.709232330322266 51.579322814941406 123.0
