-1.0 -1.0 50.0 49.64839553833008 50.0 41.802982330322266 50.0 52.12290573120117 0.0
-1.0 -1.0 150.0 50.131126403808594 33.33333206176758 41.89222717285156 150.0 51.968753814697266 1.0
-1.0 -1.0 116.66666412353516 49.7579231262207 38.88888931274414 41.72996520996094 116.66666412353516 52.02149200439453 2.0
-1.0 -1.0 50.0 49.31169891357422 50.0 41.88005828857422 50.0 51.97686767578125 3.0
-1.0 -1.0 0.0 49.87556457519531 46.296295166015625 41.76241683959961 72.22222137451172 51.97281265258789 4.0
-1.0 -1.0 44.44444274902344 49.28330612182617 38.88888931274414 41.85977554321289 64.81481170654297 52.0539436340332 5.0
-1.0 -1.0 133.3333282470703 49.67273712158203 41.35802459716797 41.76241683959961 50.0 52.00932312011719 6.0
-1.0 -1.0 103.70370483398438 49.741695404052734 46.296295166015625 41.85572052001953 54.938270568847656 52.00932312011719 7.0
-1.0 -1.0 44.44444274902344 47.29558181762695 44.65020751953125 41.79081344604492 53.29218292236328 51.94441604614258 8.0
-1.0 -1.0 64.1975326538086 49.741695404052734 41.35802459716797 41.819210052490234 50.0 51.97686767578125 9.0
-1.0 -1.0 57.6131706237793 49.33604049682617 34.77366256713867 40.81317901611328 51.09739303588867 52.06611251831055 10.0
-1.0 -1.0 44.44444274902344 49.250850677490234 36.968448638916016 41.8354377746582 53.29218292236328 52.02149200439453 11.0
-1.0 -1.0 48.83401870727539 49.30764389038086 41.35802459716797 41.798927307128906 52.560585021972656 52.1066780090332 12.0
-1.0 -1.0 57.6131706237793 49.806602478027344 50.13717269897461 41.90439987182617 51.09739303588867 51.595550537109375 13.0
-1.0 -1.0 54.68678665161133 49.640281677246094 47.210792541503906 41.802982330322266 51.58512496948242 51.546871185302734 14.0
-1.0 -1.0 48.83401870727539 50.131126403808594 41.35802459716797 41.823265075683594 51.42254638671875 51.5103645324707 15.0
-1.0 -1.0 50.784942626953125 49.74575424194336 43.3089485168457 41.867889404296875 51.47673797607422 52.1066780090332 16.0
-1.0 -1.0 50.1346321105957 49.733585357666016 42.65863800048828 41.766475677490234 51.58512496948242 51.63611602783203 17.0
-1.0 -1.0 48.83401870727539 49.8106575012207 41.35802459716797 41.79081344604492 51.54899597167969 51.57121276855469 18.0
-1.0 -1.0 49.26755905151367 49.77009201049805 41.791561126708984 41.77864456176758 51.561038970947266 51.58743667602539 19.0
-1.0 -1.0 50.1346321105957 49.77415084838867 42.65863800048828 41.871944427490234 51.58512496948242 51.611778259277344 20.0
-1.0 -1.0 49.84560775756836 49.7579231262207 42.36961364746094 41.81109619140625 51.633296966552734 51.595550537109375 21.0
-1.0 -1.0 49.26755905151367 49.802547454833984 41.791561126708984 41.88005828857422 51.61723709106445 51.60366439819336 22.0
-1.0 -1.0 49.46023941040039 49.81471633911133 41.98424530029297 41.80704116821289 51.58512496948242 51.58338165283203 23.0
-1.0 -1.0 49.39601135253906 49.22245407104492 41.92001724243164 41.770530700683594 51.520896911621094 51.546871185302734 24.0
-1.0 -1.0 49.417423248291016 49.636226654052734 41.791561126708984 41.75836181640625 51.39244079589844 51.51441955566406 25.0
-1.0 -1.0 49.46023941040039 49.69301986694336 41.834381103515625 41.819210052490234 51.43526077270508 51.6158332824707 26.0
-1.0 -1.0 49.44596862792969 49.27113342285156 41.82011032104492 41.78269958496094 51.520896911621094 51.57526779174805 27.0
-1.0 -1.0 49.45072555541992 49.7579231262207 41.824867248535156 41.85977554321289 51.692169189453125 51.97281265258789 28.0
-1.0 -1.0 49.46023941040039 49.733585357666016 41.834381103515625 41.86383056640625 52.03471755981445 51.936302185058594 29.0
-1.0 -1.0 49.479270935058594 49.74575424194336 41.85341262817383 41.89222717285156 51.920536041259766 52.00526428222656 30.0
-1.0 -1.0 49.517333984375 49.63216781616211 41.847068786621094 41.75430679321289 51.95859909057617 52.1066780090332 31.0
-1.0 -1.0 49.59345626831055 49.71735763549805 41.834381103515625 41.77458953857422 52.03471755981445 52.082340240478516 32.0
-1.0 -1.0 49.745697021484375 49.733585357666016 41.80900573730469 41.823265075683594 52.18696212768555 52.508277893066406 33.0
-1.0 -1.0 49.694950103759766 49.741695404052734 41.75825881958008 41.78269958496094 52.13621520996094 51.95252990722656 34.0
-1.0 -1.0 49.59345626831055 49.21028518676758 41.775177001953125 42.88608932495117 52.03471755981445 52.07422637939453 35.0
-1.0 -1.0 49.62728500366211 49.69301986694336 41.80900573730469 41.86383056640625 52.06855010986328 52.0539436340332 36.0
-1.0 -1.0 49.694950103759766 49.74575424194336 41.7977294921875 41.79487228393555 52.057273864746094 51.97281265258789 37.0
-1.0 -1.0 49.83027648925781 50.23659896850586 41.801490783691406 41.802982330322266 52.03471755981445 52.049888610839844 38.0
-1.0 -1.0 49.7851676940918 49.71330261230469 41.800235748291016 41.40138244628906 51.98960876464844 51.97281265258789 39.0
-1.0 -1.0 49.694950103759766 49.69707489013672 41.7977294921875 41.73402404785156 51.899391174316406 51.56715393066406 40.0
-1.0 -1.0 49.72502517700195 49.737640380859375 41.79856491088867 41.85977554321289 51.929466247558594 52.02554702758789 41.0
-1.0 -1.0 49.71500015258789 49.67273712158203 41.79828643798828 41.78269958496094 51.98960876464844 51.980926513671875 42.0
-1.0 -1.0 49.694950103759766 49.70924377441406 41.79838180541992 41.823265075683594 51.96956253051758 51.55498504638672 43.0
-1.0 -1.0 49.70163345336914 49.721412658691406 41.79834747314453 41.73807907104492 51.97624588012695 51.980926513671875 44.0
-1.0 -1.0 49.71500015258789 49.74575424194336 41.79828643798828 41.75836181640625 51.98960876464844 52.07828140258789 45.0
-1.0 -1.0 49.741729736328125 49.753868103027344 41.798309326171875 41.8881721496582 51.98515319824219 51.92413330078125 46.0
-1.0 -1.0 49.79519271850586 49.77415084838867 41.79834747314453 41.87600326538086 51.97624588012695 51.968753814697266 47.0
-1.0 -1.0 49.777374267578125 49.7051887512207 41.798431396484375 41.8354377746582 51.97921371459961 51.97686767578125 48.0
-1.0 -1.0 49.741729736328125 49.74575424194336 41.7985954284668 42.26948928833008 51.98515319824219 52.049888610839844 49.0
-1.0 -1.0 49.75361251831055 49.74980926513672 41.79854202270508 41.750247955322266 51.99703598022461 51.989036560058594 50.0
-1.0 -1.0 49.777374267578125 49.76603698730469 41.798431396484375 41.75430679321289 52.02079772949219 52.033660888671875 51.0
-1.0 -1.0 49.824893951416016 49.786319732666016 41.79846954345703 43.389102935791016 52.012874603271484 51.94847106933594 52.0
-1.0 -1.0 49.91994094848633 50.131126403808594 41.79854202270508 41.815155029296875 52.01551818847656 52.01337814331055 53.0
-1.0 -1.0 49.88825988769531 49.72952651977539 41.79868698120117 41.815155029296875 52.0146369934082 51.62394714355469 54.0
-1.0 -1.0 49.824893951416016 49.7579231262207 41.798980712890625 41.798927307128906 52.012874603271484 51.92413330078125 55.0
-1.0 -1.0 49.84601593017578 50.463768005371094 41.798885345458984 41.78675842285156 52.01346206665039 52.033660888671875 56.0
-1.0 -1.0 49.83897399902344 49.33198165893555 41.79868698120117 41.77864456176758 52.0146369934082 52.11073684692383 57.0
-1.0 -1.0 49.824893951416016 49.74575424194336 41.79875183105469 41.823265075683594 52.014244079589844 51.984981536865234 58.0
-1.0 -1.0 49.79673385620117 49.31169891357422 41.798885345458984 41.83137893676758 52.01437759399414 52.11073684692383 59.0
-1.0 -1.0 49.74040985107422 48.93849563598633 41.7988395690918 41.79081344604492 52.0146369934082 52.11073684692383 60.0
-1.0 -1.0 49.62776565551758 48.983116149902344 41.79875183105469 41.79487228393555 52.015159606933594 52.0539436340332 61.0
-1.0 -1.0 49.665313720703125 49.834999084472656 41.79878234863281 41.89222717285156 52.01620101928711 52.07422637939453 62.0
-1.0 -1.0 49.74040985107422 49.74575424194336 41.798770904541016 41.75836181640625 52.018287658691406 52.037715911865234 63.0
-1.0 -1.0 49.71537780761719 48.958778381347656 41.79877471923828 41.80704116821289 52.0224609375 52.02554702758789 64.0
-1.0 -1.0 49.665313720703125 49.688961029052734 41.79878234863281 41.851661682128906 52.02106857299805 51.95658493041992 65.0
-1.0 -1.0 49.682003021240234 49.76197814941406 41.79879379272461 41.89222717285156 52.02153015136719 52.07017135620117 66.0
-1.0 -1.0 49.67643737792969 49.619998931884766 41.79882049560547 41.89222717285156 52.0224609375 52.12290573120117 67.0
-1.0 -1.0 49.665313720703125 49.563209533691406 41.79887390136719 41.84354782104492 52.024314880371094 52.0539436340332 68.0
-1.0 -1.0 49.643062591552734 49.636226654052734 41.79897689819336 41.90034103393555 52.02369689941406 51.97281265258789 69.0
-1.0 -1.0 49.59856033325195 49.25490951538086 41.7991828918457 41.81109619140625 52.023902893066406 52.05799865722656 70.0
-1.0 -1.0 49.61339569091797 49.753868103027344 41.79911422729492 41.78269958496094 52.024314880371094 52.029605865478516 71.0
-1.0 -1.0 49.643062591552734 49.786319732666016 41.799137115478516 41.90034103393555 52.02417755126953 52.00932312011719 72.0
-1.0 -1.0 49.702396392822266 49.74575424194336 41.7991828918457 41.80704116821289 52.023902893066406 51.94441604614258 73.0
-1.0 -1.0 49.82107162475586 49.79443359375 41.79927444458008 41.823265075683594 52.02399444580078 52.049888610839844 74.0
-1.0 -1.0 49.78151321411133 48.88981628417969 41.79945755004883 41.87600326538086 52.02417755126953 52.07828140258789 75.0
-1.0 -1.0 49.794700622558594 49.790374755859375 41.79939651489258 41.798927307128906 52.02454376220703 52.475826263427734 76.0
-1.0 -1.0 49.79030227661133 49.741695404052734 41.799415588378906 41.823265075683594 52.02527618408203 52.04177474975586 77.0
-1.0 -1.0 49.78151321411133 49.7051887512207 41.799407958984375 41.75430679321289 52.02503204345703 51.6158332824707 78.0
-1.0 -1.0 49.76393127441406 49.753868103027344 41.79941177368164 41.8354377746582 52.02511215209961 52.04177474975586 79.0
-1.0 -1.0 49.7287712097168 49.72952651977539 41.799415588378906 41.815155029296875 52.02527618408203 52.0539436340332 80.0
-1.0 -1.0 49.7404899597168 49.84716796875 41.799415588378906 41.77458953857422 52.02560043334961 52.0904541015625 81.0
-1.0 -1.0 49.7365837097168 48.89387512207031 41.79941177368164 41.766475677490234 52.02625274658203 52.086395263671875 82.0
-1.0 -1.0 49.7287712097168 48.90198516845703 41.79941177368164 41.86383056640625 52.02603530883789 51.61989212036133 83.0
-1.0 -1.0 49.73137283325195 49.733585357666016 41.79941177368164 41.68939971923828 52.02560043334961 51.546871185302734 84.0
-1.0 -1.0 49.7365837097168 49.74980926513672 41.79941177368164 41.78675842285156 52.02473068237305 51.57121276855469 85.0
-1.0 -1.0 49.73484802246094 48.88981628417969 41.799407958984375 41.76241683959961 52.02299499511719 51.55093002319336 86.0
-1.0 -1.0 49.73137283325195 48.99934387207031 41.79941177368164 41.80704116821289 52.01952362060547 51.5103645324707 87.0
-1.0 -1.0 49.724430084228516 49.315757751464844 41.79941177368164 41.871944427490234 52.012577056884766 51.490081787109375 88.0
-1.0 -1.0 49.71053695678711 48.93849563598633 41.79941177368164 41.884117126464844 51.998687744140625 51.51441955566406 89.0
-1.0 -1.0 49.68275451660156 48.86953353881836 41.79941177368164 41.77458953857422 51.97090530395508 51.52253341674805 90.0
-1.0 -1.0 49.62718963623047 48.89387512207031 41.79941177368164 41.867889404296875 51.915340423583984 51.55498504638672 91.0
-1.0 -1.0 49.51605987548828 48.9547233581543 41.79941177368164 41.884117126464844 51.8042106628418 51.58338165283203 92.0
-1.0 -1.0 49.293800354003906 49.42528533935547 41.79941177368164 41.83949279785156 51.581947326660156 51.660457611083984 93.0
-1.0 -1.0 48.849281311035156 48.88981628417969 41.79941177368164 41.79081344604492 51.656036376953125 51.595550537109375 94.0
-1.0 -1.0 48.99745559692383 48.88981628417969 41.79941177368164 41.75430679321289 51.63134002685547 51.57121276855469 95.0
-1.0 -1.0 49.293800354003906 50.74772644042969 41.79941177368164 41.79487228393555 51.581947326660156 51.58338165283203 96.0
-1.0 -1.0 49.88649368286133 49.30764389038086 41.799407958984375 41.79487228393555 51.4831657409668 51.490081787109375 97.0
-1.0 -1.0 49.68893051147461 49.74980926513672 41.79940414428711 41.79081344604492 51.51609420776367 51.58338165283203 98.0
-1.0 -1.0 49.754783630371094 49.8106575012207 41.799407958984375 41.80704116821289 51.581947326660156 51.53470230102539 99.0
-1.0 -1.0 49.88649368286133 49.7579231262207 41.799407958984375 41.78269958496094 51.55999755859375 51.51441955566406 100.0
-1.0 -1.0 49.84259033203125 49.74980926513672 41.79940414428711 41.79487228393555 51.51609420776367 51.5103645324707 101.0
-1.0 -1.0 49.754783630371094 49.737640380859375 41.79940414428711 41.75430679321289 51.53072738647461 51.55093002319336 102.0
-1.0 -1.0 49.57917022705078 49.71330261230469 41.79940414428711 41.85572052001953 51.55999755859375 52.50422286987305 103.0
-1.0 -1.0 49.6377067565918 49.74575424194336 41.79940414428711 41.746192932128906 51.55023956298828 51.55093002319336 104.0
-1.0 -1.0 49.754783630371094 50.07027816772461 41.79940414428711 41.90439987182617 51.55349349975586 52.02149200439453 105.0
-1.0 -1.0 49.98893356323242 49.77009201049805 41.79940414428711 41.871944427490234 51.55999755859375 52.017433166503906 106.0
-1.0 -1.0 49.910884857177734 49.72547149658203 41.79940414428711 41.73807907104492 51.557830810546875 51.55498504638672 107.0
-1.0 -1.0 49.754783630371094 49.855281829833984 41.79940414428711 41.78675842285156 51.55855178833008 51.611778259277344 108.0
-1.0 -1.0 49.44258499145508 48.86953353881836 41.79940414428711 41.90439987182617 51.55999755859375 51.60771942138672 109.0
-1.0 -1.0 49.54664993286133 49.952640533447266 41.79940414428711 41.802982330322266 51.562889099121094 51.5630989074707 110.0
-1.0 -1.0 49.511962890625 49.30764389038086 41.79940414428711 41.88005828857422 51.568668365478516 51.660457611083984 111.0
-1.0 -1.0 49.44258499145508 49.27924728393555 41.79940414428711 41.80704116821289 51.566741943359375 51.55093002319336 112.0
-1.0 -1.0 49.4657096862793 49.668678283691406 41.79940414428711 41.8881721496582 51.567386627197266 51.579322814941406 113.0
-1.0 -1.0 49.45800018310547 49.3198127746582 41.79940414428711 41.79487228393555 51.568668365478516 52.02554702758789 114.0
-1.0 -1.0 49.44258499145508 49.230567932128906 41.79940414428711 41.84354782104492 51.57123947143555 51.989036560058594 115.0
-1.0 -1.0 49.411746978759766 49.31169891357422 41.79940414428711 41.82732391357422 51.576377868652344 51.99715042114258 116.0
-1.0 -1.0 49.35007858276367 49.2670783996582 41.79940414428711 41.83137893676758 51.5866584777832 51.99309539794922 117.0
-1.0 -1.0 49.226741790771484 49.315757751464844 41.79940414428711 42.29788589477539 51.60721206665039 51.980926513671875 118.0
-1.0 -1.0 49.267852783203125 49.66056442260742 41.799407958984375 42.253265380859375 51.6483268737793 51.980926513671875 119.0
-1.0 -1.0 49.35007858276367 49.352264404296875 41.799407958984375 42.29788589477539 51.730552673339844 51.94441604614258 120.0
-1.0 -1.0 49.322669982910156 48.99528884887695 41.79941177368164 42.257320404052734 51.70314407348633 51.44951248168945 121.0
-1.0 -1.0 49.267852783203125 48.8817024230957 41.79941940307617 41.87600326538086 51.7122802734375 52.02554702758789 122.0
-1.0 -1.0 49.15821838378906 48.67076110839844 41.799434661865234 41.802982330322266 51.709232330322266 51.579322814941406 123.0
-1.0 -1.0 48.9389533996582 48.370574951171875 41.799461364746094 41.83137893676758 51.70314407348633 51.526588439941406 124.0
-1.0 -1.0 49.01204299926758 48.970947265625 41.79951858520508 41.90034103393555 51.69095993041992 51.579322814941406 125.0
-1.0 -1.0 48.98767852783203 48.88576126098633 41.79962921142578 41.84760665893555 51.66659927368164 51.58338165283203 126.0
-1.0 -1.0 48.99580001831055 49.74575424194336 41.799591064453125 39.794979095458984 51.674720764160156 52.02554702758789 127.0
-1.0 -1.0 49.01204299926758 49.790374755859375 41.79951858520508 41.75836181640625 51.69095993041992 52.0539436340332 128.0
-1.0 -1.0 49.044525146484375 49.7579231262207 41.79954147338867 41.815155029296875 51.723445892333984 52.033660888671875 129.0
-1.0 -1.0 49.109493255615234 49.733585357666016 41.799591064453125 41.87600326538086 51.712615966796875 51.65639877319336 130.0
-1.0 -1.0 49.23942947387695 49.74980926513672 41.7996940612793 41.80704116821289 51.71622848510742 51.97281265258789 131.0
-1.0 -1.0 49.19611740112305 48.918212890625 41.79989242553711 41.83949279785156 51.715023040771484 51.526588439941406 132.0
-1.0 -1.0 49.109493255615234 48.970947265625 41.799827575683594 38.37923812866211 51.715423583984375 52.0904541015625 133.0
-1.0 -1.0 48.93624496459961 48.99123001098633 41.79985046386719 41.89222717285156 51.71622848510742 52.01337814331055 134.0
-1.0 -1.0 48.993995666503906 49.737640380859375 41.799842834472656 41.750247955322266 51.71595764160156 51.611778259277344 135.0
-1.0 -1.0 49.109493255615234 49.85122299194336 41.799842834472656 41.88005828857422 51.71604919433594 52.0539436340332 136.0
-1.0 -1.0 49.340492248535156 49.74575424194336 41.79985046386719 41.82732391357422 51.71622848510742 51.984981536865234 137.0
-1.0 -1.0 49.802490234375 49.3725471496582 41.79984664916992 41.78269958496094 51.716583251953125 52.04177474975586 138.0
-1.0 -1.0 49.64849090576172 49.421226501464844 41.79984664916992 41.87600326538086 51.7172966003418 52.0539436340332 139.0
-1.0 -1.0 49.340492248535156 48.90198516845703 41.79985046386719 42.35062026977539 51.71872329711914 52.033660888671875 140.0
-1.0 -1.0 48.72449493408203 48.9547233581543 41.79985046386719 41.79081344604492 51.72157287597656 52.1066780090332 141.0
-1.0 -1.0 48.92982864379883 48.8817024230957 41.79985046386719 42.33439636230469 51.72727584838867 52.0539436340332 142.0
-1.0 -1.0 49.340492248535156 49.315757751464844 41.79985046386719 41.815155029296875 51.738685607910156 52.04177474975586 143.0
-1.0 -1.0 49.20360565185547 49.31169891357422 41.79985046386719 41.802982330322266 51.73488235473633 51.57526779174805 144.0
-1.0 -1.0 48.92982864379883 48.979061126708984 41.79985046386719 41.85572052001953 51.72727584838867 51.579322814941406 145.0
-1.0 -1.0 49.021087646484375 49.30764389038086 41.79985427856445 41.819210052490234 51.712066650390625 51.546871185302734 146.0
-1.0 -1.0 49.20360565185547 49.85122299194336 41.79985809326172 41.91250991821289 51.71713638305664 52.02149200439453 147.0
-1.0 -1.0 49.56863784790039 49.299530029296875 41.79985427856445 41.79081344604492 51.72727584838867 51.968753814697266 148.0
-1.0 -1.0 49.44696044921875 48.45981979370117 41.79985427856445 41.819210052490234 51.74755859375 52.02149200439453 149.0
-1.0 -1.0 49.20360565185547 49.3563232421875 41.79985809326172 41.90439987182617 51.788116455078125 52.02149200439453 150.0
-1.0 -1.0 49.28472137451172 49.741695404052734 41.79985427856445 41.72185134887695 51.86923599243164 52.06611251831055 151.0
-1.0 -1.0 49.44696044921875 49.82283020019531 41.79985427856445 41.766475677490234 51.84219741821289 51.55093002319336 152.0
-1.0 -1.0 49.39288330078125 48.90198516845703 41.79985427856445 41.78675842285156 51.788116455078125 51.579322814941406 153.0
-1.0 -1.0 49.41090774536133 49.753868103027344 41.79985046386719 41.78675842285156 51.67995834350586 51.57526779174805 154.0
-1.0 -1.0 49.40489959716797 48.99123001098633 41.79984664916992 39.53130340576172 51.46364212036133 51.41300582885742 155.0
-1.0 -1.0 49.40690231323242 49.74980926513672 41.79985046386719 41.85977554321289 51.53574752807617 51.62394714355469 156.0
-1.0 -1.0 49.41090774536133 49.733585357666016 41.79984664916992 41.79081344604492 51.67995834350586 51.63611602783203 157.0
-1.0 -1.0 49.41891860961914 49.77820587158203 41.79984664916992 41.81109619140625 51.63188934326172 51.599609375 158.0
-1.0 -1.0 49.43494415283203 49.77415084838867 41.79984664916992 41.746192932128906 51.53574752807617 51.5103645324707 159.0
-1.0 -1.0 49.46699142456055 49.74980926513672 41.79984664916992 41.802982330322266 51.56779479980469 51.56715393066406 160.0
-1.0 -1.0 49.53108215332031 49.753868103027344 41.79984664916992 41.80704116821289 51.63188934326172 51.61989212036133 161.0
-1.0 -1.0 49.659271240234375 49.733585357666016 41.79984664916992 41.70968246459961 51.61052322387695 51.60771942138672 162.0
-1.0 -1.0 49.9156494140625 50.09461975097656 41.79984664916992 41.81109619140625 51.56779479980469 51.50630569458008 163.0
-1.0 -1.0 50.42839813232422 51.41706085205078 41.79984664916992 41.76241683959961 51.58203887939453 51.63611602783203 164.0
-1.0 -1.0 50.25748062133789 49.737640380859375 41.79984664916992 41.80704116821289 51.61052322387695 51.640174865722656 165.0
-1.0 -1.0 49.9156494140625 49.3725471496582 41.79984664916992 41.81109619140625 51.66749572753906 52.086395263671875 166.0
-1.0 -1.0 49.23197937011719 49.619998931884766 41.79984664916992 41.80704116821289 51.78144073486328 52.049888610839844 167.0
-1.0 -1.0 49.459869384765625 49.956695556640625 41.79984664916992 41.84354782104492 52.00933074951172 52.0012092590332 168.0
-1.0 -1.0 49.9156494140625 49.741695404052734 41.79984664916992 41.88005828857422 51.93336486816406 51.48196792602539 169.0
-1.0 -1.0 49.76372146606445 49.85122299194336 41.79984664916992 41.86383056640625 51.95868682861328 52.086395263671875 170.0
-1.0 -1.0 49.459869384765625 49.741695404052734 41.79984664916992 41.80704116821289 51.95024871826172 51.542816162109375 171.0
-1.0 -1.0 48.85216522216797 48.9547233581543 41.79985046386719 41.82732391357422 51.953060150146484 52.082340240478516 172.0
-1.0 -1.0 49.05473327636719 49.76197814941406 41.79985046386719 41.83137893676758 51.95868682861328 52.033660888671875 173.0
-1.0 -1.0 49.459869384765625 49.69301986694336 41.79985046386719 41.81109619140625 51.969940185546875 51.97686767578125 174.0
-1.0 -1.0 50.2701416015625 49.72952651977539 41.79985046386719 41.75430679321289 51.99245071411133 52.07422637939453 175.0
-1.0 -1.0 50.00004959106445 49.636226654052734 41.79985046386719 41.77458953857422 51.984947204589844 51.473854064941406 176.0
-1.0 -1.0 49.459869384765625 49.74575424194336 41.79985046386719 41.884117126464844 51.98744583129883 52.049888610839844 177.0
-1.0 -1.0 49.639930725097656 49.737640380859375 41.79985046386719 41.74213409423828 51.98661422729492 51.51441955566406 178.0
-1.0 -1.0 49.57991027832031 49.230567932128906 41.79985046386719 41.766475677490234 51.984947204589844 51.648284912109375 179.0
-1.0 -1.0 49.59991455078125 49.77009201049805 41.79985046386719 41.482513427734375 51.98161315917969 51.5630989074707 180.0
-1.0 -1.0 49.639930725097656 49.8106575012207 41.79984664916992 41.78675842285156 51.974945068359375 51.916019439697266 181.0
-1.0 -1.0 49.71995544433594 49.69301986694336 41.79985046386719 41.8881721496582 51.97716522216797 52.00932312011719 182.0
-1.0 -1.0 49.880008697509766 50.16763687133789 41.79985046386719 41.867889404296875 51.97642517089844 51.664512634277344 183.0
-1.0 -1.0 49.82666015625 49.753868103027344 41.79985046386719 41.77864456176758 51.974945068359375 51.56715393066406 184.0
-1.0 -1.0 49.71995544433594 49.74575424194336 41.79985046386719 41.89628601074219 51.97543716430664 52.11073684692383 185.0
-1.0 -1.0 49.755523681640625 49.782264709472656 41.79985046386719 41.79487228393555 51.97527313232422 51.599609375 186.0
-1.0 -1.0 49.82666015625 50.16763687133789 41.79985046386719 41.815155029296875 51.974945068359375 51.50630569458008 187.0
-1.0 -1.0 49.802947998046875 49.69707489013672 41.79985046386719 41.72591018676758 51.97428512573242 51.498191833496094 188.0
-1.0 -1.0 49.755523681640625 49.721412658691406 41.79985046386719 41.79487228393555 51.97296905517578 51.542816162109375 189.0
-1.0 -1.0 49.771331787109375 49.76197814941406 41.79985046386719 41.819210052490234 51.97340774536133 52.05799865722656 190.0
-1.0 -1.0 49.802947998046875 50.20414733886719 41.79985046386719 41.766475677490234 51.97325897216797 51.65639877319336 191.0
-1.0 -1.0 49.79240798950195 49.70112991333008 41.79985046386719 41.802982330322266 51.97296905517578 51.579322814941406 192.0
-1.0 -1.0 49.771331787109375 49.741695404052734 41.79985046386719 41.819210052490234 51.972381591796875 51.51441955566406 193.0
-1.0 -1.0 49.778358459472656 50.20008850097656 41.79985046386719 41.79081344604492 51.97121047973633 51.62394714355469 194.0
-1.0 -1.0 49.77601623535156 49.7579231262207 41.79985046386719 41.81109619140625 51.968868255615234 51.53470230102539 195.0
-1.0 -1.0 49.771331787109375 49.741695404052734 41.79985046386719 41.8354377746582 51.96418380737305 51.936302185058594 196.0
-1.0 -1.0 49.761962890625 49.741695404052734 41.79985046386719 41.746192932128906 51.96574783325195 51.968753814697266 197.0
-1.0 -1.0 49.76508712768555 50.17169189453125 41.79985046386719 41.766475677490234 51.968868255615234 52.082340240478516 198.0
-1.0 -1.0 49.76404571533203 49.66056442260742 41.79985046386719 41.823265075683594 51.96782684326172 51.53064727783203 199.0
-1.0 -1.0 49.7643928527832 50.159523010253906 41.79985046386719 41.78675842285156 51.96817398071289 52.09856414794922 200.0
-1.0 -1.0 49.76508712768555 49.85122299194336 41.79985046386719 41.819210052490234 51.968868255615234 51.984981536865234 201.0
-1.0 -1.0 49.766475677490234 49.802547454833984 41.79985046386719 41.78269958496094 51.9686393737793 51.95252990722656 202.0
-1.0 -1.0 49.76601028442383 49.753868103027344 41.79985046386719 41.81109619140625 51.96871566772461 52.029605865478516 203.0
-1.0 -1.0 49.76508712768555 48.99934387207031 41.79985046386719 41.8881721496582 51.968868255615234 51.99715042114258 204.0
-1.0 -1.0 49.76323699951172 48.93849563598633 41.79985046386719 41.73402404785156 51.96917724609375 51.97281265258789 205.0
-1.0 -1.0 49.76385498046875 49.76603698730469 41.79985046386719 41.819210052490234 51.96979522705078 52.02149200439453 206.0
-1.0 -1.0 49.763648986816406 48.88576126098633 41.79985046386719 41.84354782104492 51.97102737426758 52.04582977294922 207.0
-1.0 -1.0 49.76323699951172 48.89793014526367 41.79985046386719 41.78675842285156 51.97061538696289 51.57121276855469 208.0
-1.0 -1.0 49.762413024902344 49.295475006103516 41.79985046386719 41.85977554321289 51.96979522705078 51.6158332824707 209.0
-1.0 -1.0 49.76076889038086 49.74575424194336 41.79985046386719 41.79487228393555 51.9681510925293 51.50630569458008 210.0
-1.0 -1.0 49.76131820678711 49.8106575012207 41.79985046386719 41.83137893676758 51.96485900878906 51.94847106933594 211.0
-1.0 -1.0 49.76113510131836 49.71735763549805 41.79985046386719 41.76241683959961 51.96595764160156 52.00526428222656 212.0
-1.0 -1.0 49.76119613647461 49.79848861694336 41.79985046386719 41.815155029296875 51.96559143066406 51.94441604614258 213.0
-1.0 -1.0 49.76117706298828 48.92226791381836 41.79985046386719 41.79487228393555 51.96571350097656 52.02554702758789 214.0
-1.0 -1.0 49.76113510131836 48.906044006347656 41.79985046386719 41.851661682128906 51.96595764160156 51.989036560058594 215.0
-1.0 -1.0 49.76105499267578 48.92226791381836 41.79985046386719 41.871944427490234 51.96587371826172 51.964698791503906 216.0
-1.0 -1.0 49.76089096069336 49.72952651977539 41.79985046386719 41.83137893676758 51.96590042114258 52.0904541015625 217.0
-1.0 -1.0 49.76056671142578 49.344154357910156 41.79985046386719 41.80704116821289 51.96595764160156 52.01337814331055 218.0
-1.0 -1.0 49.759918212890625 49.74980926513672 41.79985046386719 41.80704116821289 51.966064453125 52.00526428222656 219.0
-1.0 -1.0 49.7601318359375 50.14735412597656 41.79985046386719 41.84354782104492 51.96603012084961 51.542816162109375 220.0
-1.0 -1.0 49.76056671142578 50.18386459350586 41.79985046386719 41.8881721496582 51.96595764160156 51.57121276855469 221.0
-1.0 -1.0 49.76042175292969 49.62405776977539 41.79985046386719 41.83949279785156 51.96581268310547 51.96064376831055 222.0
-1.0 -1.0 49.7601318359375 49.263023376464844 41.79985046386719 41.73807907104492 51.96552276611328 51.95252990722656 223.0
-1.0 -1.0 49.75955581665039 49.27519226074219 41.79985046386719 41.819210052490234 51.96494674682617 51.95658493041992 224.0
-1.0 -1.0 49.758399963378906 49.246795654296875 41.79985046386719 41.84760665893555 51.96513748168945 52.1066780090332 225.0
-1.0 -1.0 49.75608825683594 49.741695404052734 41.79985046386719 41.72591018676758 51.96552276611328 52.00932312011719 226.0
-1.0 -1.0 49.756858825683594 49.855281829833984 41.79985046386719 41.815155029296875 51.96629333496094 52.037715911865234 227.0
-1.0 -1.0 49.758399963378906 50.175750732421875 41.79985046386719 41.823265075683594 51.96783447265625 51.99309539794922 228.0
-1.0 -1.0 49.75788497924805 49.27924728393555 41.79985046386719 41.79081344604492 51.97091293334961 52.07017135620117 229.0
-1.0 -1.0 49.756858825683594 49.3198127746582 41.79985046386719 41.84760665893555 51.977073669433594 52.0012092590332 230.0
-1.0 -1.0 49.75480651855469 49.74980926513672 41.79985046386719 41.819210052490234 51.97502136230469 51.55498504638672 231.0
-1.0 -1.0 49.75069808959961 49.741695404052734 41.79985046386719 41.90034103393555 51.97091293334961 51.60771942138672 232.0
-1.0 -1.0 49.75206756591797 50.175750732421875 41.79985046386719 41.79081344604492 51.97228240966797 52.02149200439453 233.0
-1.0 -1.0 49.751609802246094 49.640281677246094 41.79985046386719 41.802982330322266 51.97182846069336 51.546871185302734 234.0
-1.0 -1.0 49.75069808959961 49.37660598754883 41.79985046386719 41.79487228393555 51.97091293334961 51.5103645324707 235.0
-1.0 -1.0 49.75100326538086 49.77415084838867 41.79985046386719 41.82732391357422 51.96908950805664 51.611778259277344 236.0
-1.0 -1.0 49.751609802246094 50.159523010253906 41.79985046386719 41.80704116821289 51.96543884277344 51.95658493041992 237.0
-1.0 -1.0 49.751407623291016 49.74980926513672 41.79985046386719 41.78269958496094 51.958133697509766 51.63611602783203 238.0
-1.0 -1.0 49.7514762878418 49.8106575012207 41.79985046386719 41.766475677490234 51.94353103637695 51.62800216674805 239.0
-1.0 -1.0 49.7514533996582 49.64839553833008 41.79985046386719 41.74213409423828 51.91432571411133 51.498191833496094 240.0
-1.0 -1.0 49.751407623291016 49.33198165893555 41.79985046386719 41.82732391357422 51.85590744018555 51.55904006958008 241.0
-1.0 -1.0 49.751319885253906 49.74980926513672 41.79985046386719 41.8881721496582 51.739078521728516 51.579322814941406 242.0
-1.0 -1.0 49.751136779785156 49.32792663574219 41.79985046386719 41.75430679321289 51.50541687011719 51.57121276855469 243.0
-1.0 -1.0 49.75077819824219 49.32792663574219 41.79985046386719 41.83949279785156 51.58330154418945 51.595550537109375 244.0
-1.0 -1.0 49.750057220458984 49.348209381103516 41.79985046386719 41.78675842285156 51.739078521728516 51.61989212036133 245.0
-1.0 -1.0 49.74861526489258 49.3198127746582 41.79985046386719 41.87600326538086 52.05062484741211 52.09450912475586 246.0
-1.0 -1.0 49.745731353759766 49.684906005859375 41.79985046386719 41.823265075683594 51.94677734375 51.56715393066406 247.0
-1.0 -1.0 49.739959716796875 49.3198127746582 41.79985046386719 41.79487228393555 51.739078521728516 51.55498504638672 248.0
-1.0 -1.0 49.72842025756836 49.67273712158203 41.79985046386719 41.83137893676758 51.808311462402344 52.131019592285156 249.0
-1.0 -1.0 49.732269287109375 49.74575424194336 41.79985046386719 41.815155029296875 51.94677734375 52.0539436340332 250.0
-1.0 -1.0 49.739959716796875 49.74575424194336 41.79985046386719 41.84354782104492 52.22370910644531 52.05799865722656 251.0
-1.0 -1.0 49.737396240234375 49.68084716796875 41.79985046386719 41.79487228393555 52.13139724731445 52.102622985839844 252.0
-1.0 -1.0 49.732269287109375 49.28736114501953 41.79985046386719 41.72185134887695 51.94677734375 52.0012092590332 253.0
-1.0 -1.0 49.733978271484375 49.74980926513672 41.79985046386719 41.80704116821289 52.00831604003906 51.97281265258789 254.0
-1.0 -1.0 49.73340606689453 49.69301986694336 41.79985046386719 41.85977554321289 51.9878044128418 51.964698791503906 255.0
-1.0 -1.0 49.73359680175781 49.81471633911133 41.79985046386719 41.83137893676758 51.94677734375 51.95658493041992 256.0
-1.0 -1.0 49.7335319519043 49.72547149658203 41.79985046386719 41.83137893676758 51.960453033447266 51.968753814697266 257.0
-1.0 -1.0 49.73355484008789 49.74575424194336 41.79985046386719 41.90034103393555 51.9878044128418 52.04177474975586 258.0
-1.0 -1.0 49.73359680175781 49.782264709472656 41.79985046386719 41.851661682128906 51.97868728637695 51.53875732421875 259.0
-1.0 -1.0 49.733680725097656 49.84311294555664 41.79985046386719 41.78675842285156 51.960453033447266 51.6158332824707 260.0
-1.0 -1.0 49.7336540222168 49.32387161254883 41.79985046386719 41.770530700683594 51.92398452758789 51.611778259277344 261.0
-1.0 -1.0 49.73359680175781 49.315757751464844 41.79985046386719 41.80704116821289 51.85104751586914 51.62800216674805 262.0
-1.0 -1.0 49.73348617553711 49.33198165893555 41.79985046386719 41.798927307128906 51.70517349243164 51.58743667602539 263.0
-1.0 -1.0 49.73326110839844 49.71735763549805 41.79985046386719 41.78675842285156 51.41342544555664 51.599609375 264.0
-1.0 -1.0 49.732810974121094 49.67273712158203 41.79985046386719 41.82732391357422 51.51067352294922 51.579322814941406 265.0
-1.0 -1.0 49.73190689086914 49.344154357910156 41.79985046386719 41.89628601074219 51.70517349243164 51.65639877319336 266.0
-1.0 -1.0 49.732208251953125 49.7579231262207 41.79985046386719 41.823265075683594 51.64033889770508 51.51847457885742 267.0
-1.0 -1.0 49.73210906982422 49.72547149658203 41.79985046386719 41.80704116821289 51.51067352294922 51.53470230102539 268.0
-1.0 -1.0 49.73190689086914 49.70112991333008 41.79985046386719 41.750247955322266 51.553897857666016 51.57121276855469 269.0
-1.0 -1.0 49.731510162353516 49.7051887512207 41.79985046386719 41.798927307128906 51.64033889770508 52.11479187011719 270.0
-1.0 -1.0 49.73164367675781 49.782264709472656 41.79985046386719 43.59598922729492 51.813228607177734 51.932247161865234 271.0
-1.0 -1.0 49.73190689086914 49.74575424194336 41.79985046386719 41.802982330322266 51.75559997558594 51.55498504638672 272.0
-1.0 -1.0 49.73181915283203 49.65650939941406 41.79985046386719 41.871944427490234 51.64033889770508 51.5103645324707 273.0
-1.0 -1.0 49.73164367675781 48.877647399902344 41.79985046386719 41.78269958496094 51.67876052856445 51.99715042114258 274.0
-1.0 -1.0 49.731285095214844 49.71735763549805 41.79985046386719 41.77458953857422 51.66595458984375 51.55498504638672 275.0
-1.0 -1.0 49.73057556152344 48.85330581665039 41.79985046386719 41.717796325683594 51.64033889770508 51.526588439941406 276.0
-1.0 -1.0 49.730812072753906 49.74575424194336 41.79985046386719 41.78269958496094 51.589115142822266 51.61989212036133 277.0
-1.0 -1.0 49.731285095214844 49.753868103027344 41.79985046386719 41.823265075683594 51.6061897277832 51.65234375 278.0
-1.0 -1.0 49.732234954833984 49.81471633911133 41.79985046386719 41.8881721496582 51.60049819946289 51.55498504638672 279.0
-1.0 -1.0 49.734130859375 49.74980926513672 41.79985046386719 41.86383056640625 51.602394104003906 52.00526428222656 280.0
-1.0 -1.0 49.7379264831543 49.753868103027344 41.79985046386719 41.770530700683594 51.6061897277832 52.029605865478516 281.0
-1.0 -1.0 49.745513916015625 49.74575424194336 41.79985046386719 41.85977554321289 51.604923248291016 51.57526779174805 282.0
-1.0 -1.0 49.742984771728516 49.737640380859375 41.79985046386719 41.79487228393555 51.602394104003906 51.50630569458008 283.0
-1.0 -1.0 49.7379264831543 48.39897155761719 41.79985046386719 41.819210052490234 51.60323715209961 52.09450912475586 284.0
-1.0 -1.0 49.7396125793457 49.74575424194336 41.79985046386719 41.84760665893555 51.60295867919922 51.591495513916016 285.0
-1.0 -1.0 49.742984771728516 49.839054107666016 41.79985046386719 41.851661682128906 51.603050231933594 52.0539436340332 286.0
-1.0 -1.0 49.74186325073242 49.741695404052734 41.79985046386719 41.76241683959961 51.60323715209961 51.95658493041992 287.0
-1.0 -1.0 49.74223709106445 49.84716796875 41.79985046386719 41.85572052001953 51.603614807128906 52.02149200439453 288.0
-1.0 -1.0 49.74211120605469 49.69301986694336 41.79985046386719 41.823265075683594 51.60436248779297 52.02554702758789 289.0
-1.0 -1.0 49.74186325073242 49.22651290893555 41.79985046386719 41.87600326538086 51.60586166381836 52.029605865478516 290.0
-1.0 -1.0 49.741363525390625 49.64434051513672 41.79985046386719 41.75836181640625 51.60886001586914 53.64006423950195 291.0
-1.0 -1.0 49.74036407470703 49.64839553833008 41.79985046386719 41.84760665893555 51.6148567199707 51.97686767578125 292.0
-1.0 -1.0 49.738365173339844 49.737640380859375 41.79985046386719 41.77458953857422 51.62685012817383 52.09450912475586 293.0
-1.0 -1.0 49.73436737060547 49.7051887512207 41.79985046386719 41.85572052001953 51.65083312988281 52.037715911865234 294.0
-1.0 -1.0 49.73569869995117 49.74980926513672 41.79985046386719 41.701568603515625 51.69880294799805 51.65234375 295.0
-1.0 -1.0 49.73525619506836 49.23868179321289 41.79985046386719 41.87600326538086 51.68281555175781 51.5630989074707 296.0
-1.0 -1.0 49.73540115356445 49.74575424194336 41.79985046386719 41.79487228393555 51.65083312988281 51.55904006958008 297.0
-1.0 -1.0 49.73569869995117 50.13924026489258 41.79985046386719 41.75836181640625 51.58687210083008 51.56715393066406 298.0
-1.0 -1.0 49.736289978027344 49.77009201049805 41.79985046386719 41.815155029296875 51.458953857421875 51.57526779174805 299.0
-1.0 -1.0 49.7360954284668 49.246795654296875 41.79985046386719 41.80704116821289 51.50159454345703 51.58338165283203 300.0
-1.0 -1.0 49.73616027832031 49.74575424194336 41.79985046386719 41.72591018676758 51.48738098144531 51.477909088134766 301.0
-1.0 -1.0 49.73613739013672 48.958778381347656 41.79985046386719 48.28944396972656 51.49211883544922 106.82984924316406 302.0
-1.0 -1.0 49.73614501953125 51.36838150024414 41.79985046386719 51.43328857421875 51.50159454345703 108.05899047851562 303.0
-1.0 -1.0 49.73616027832031 51.31159210205078 41.79985046386719 51.477909088134766 51.520545959472656 108.33078002929688 304.0
-1.0 -1.0 49.73618698120117 51.63206100463867 41.79985046386719 51.421119689941406 51.558448791503906 107.39776611328125 305.0
-1.0 -1.0 49.73624801635742 51.26291275024414 41.79985046386719 51.53875732421875 51.63425064086914 107.42616271972656 306.0
-1.0 -1.0 49.73636245727539 51.23451614379883 41.79985046386719 51.48196792602539 51.78586196899414 107.88050079345703 307.0
-1.0 -1.0 49.73659896850586 51.21828842163086 41.79985046386719 51.441402435302734 52.089080810546875 107.02456665039062 308.0
-1.0 -1.0 49.737064361572266 51.23857116699219 41.79985046386719 51.44951248168945 52.695518493652344 115.11742401123047 309.0
-1.0 -1.0 49.73800277709961 51.254798889160156 41.79985046386719 51.936302185058594 53.90839385986328 107.39371490478516 310.0
-1.0 -1.0 49.739871978759766 51.24668502807617 41.79985046386719 51.48196792602539 56.334144592285156 107.37342834472656 311.0
-1.0 -1.0 49.74361801147461 51.29130935668945 41.79985046386719 51.421119689941406 61.18564224243164 107.53163146972656 312.0
-1.0 -1.0 49.751102447509766 51.67262649536133 41.79985046386719 51.818660736083984 70.8886489868164 107.98596954345703 313.0
-1.0 -1.0 49.76607894897461 51.705078125 41.79985046386719 51.48602294921875 90.29464721679688 114.33856201171875 314.0
-1.0 -1.0 49.796024322509766 51.65234375 41.79985046386719 51.94036102294922 129.10665893554688 107.87239074707031 315.0
-1.0 -1.0 49.855918884277344 51.67668151855469 41.79985046386719 51.95252990722656 116.16931915283203 107.04484558105469 316.0
-1.0 -1.0 49.975711822509766 51.24668502807617 41.79985046386719 51.35215759277344 90.29464721679688 107.48295593261719 317.0
-1.0 -1.0 50.21529006958008 51.2507438659668 41.79985046386719 51.46574020385742 98.91954040527344 107.896728515625 318.0
-1.0 -1.0 50.69445037841797 51.23451614379883 41.79985046386719 51.429229736328125 116.16931915283203 107.92512512207031 319.0
-1.0 -1.0 51.65277099609375 52.01337814331055 41.79985046386719 51.445457458496094 110.41939544677734 109.17454528808594 320.0
-1.0 -1.0 51.33333206176758 51.327816009521484 41.79985046386719 51.4089469909668 112.3360366821289 115.02818298339844 321.0
-1.0 -1.0 50.69445037841797 51.210174560546875 41.79985046386719 51.45357131958008 111.69715118408203 108.25775909423828 322.0
-1.0 -1.0 50.907413482666016 51.2507438659668 41.79985046386719 51.36432647705078 110.41939544677734 110.91075897216797 323.0
-1.0 -1.0 51.33333206176758 51.23451614379883 41.79985046386719 51.911964416503906 110.8453140258789 110.85802459716797 324.0
-1.0 -1.0 51.19136047363281 51.24263000488281 41.79985046386719 51.43328857421875 110.70333862304688 107.01644897460938 325.0
-1.0 -1.0 51.23868179321289 51.24263000488281 41.79985046386719 51.43734359741211 110.41939544677734 107.85616302490234 326.0
-1.0 -1.0 51.33333206176758 51.254798889160156 41.79985046386719 51.36432647705078 109.85150146484375 108.3388900756836 327.0
-1.0 -1.0 51.301780700683594 51.28319549560547 41.79985046386719 51.80243682861328 108.71571350097656 108.29021453857422 328.0
-1.0 -1.0 51.31229782104492 51.323760986328125 41.79985046386719 51.911964416503906 106.44413757324219 107.41399383544922 329.0
-1.0 -1.0 51.33333206176758 52.4920539855957 41.79985046386719 51.50630569458008 107.20132446289062 108.74860382080078 330.0
-1.0 -1.0 51.375396728515625 51.72941589355469 41.79985046386719 51.473854064941406 108.71571350097656 108.7770004272461 331.0
-1.0 -1.0 51.459529876708984 51.72130584716797 41.79985046386719 51.429229736328125 111.74447631835938 109.95340728759766 332.0
-1.0 -1.0 51.6277961730957 51.68479537963867 41.79985046386719 51.473854064941406 110.7348861694336 107.42210388183594 333.0
-1.0 -1.0 51.57170867919922 51.3562126159668 41.79985046386719 51.51847457885742 108.71571350097656 109.59237670898438 334.0
-1.0 -1.0 51.59040451049805 51.664512634277344 41.79985046386719 51.5103645324707 104.67735290527344 107.88455963134766 335.0
-1.0 -1.0 51.6277961730957 52.962615966796875 41.79985046386719 51.55093002319336 106.02347564697266 110.56189727783203 336.0
-1.0 -1.0 51.702579498291016 51.67262649536133 41.79985046386719 51.542816162109375 108.71571350097656 110.46453857421875 337.0
-1.0 -1.0 51.677650451660156 51.307533264160156 41.79985046386719 51.94441604614258 107.81829833984375 108.38351440429688 338.0
-1.0 -1.0 51.6277961730957 51.664512634277344 41.79985046386719 51.473854064941406 106.02347564697266 107.41399383544922 339.0
-1.0 -1.0 51.52808380126953 51.2669677734375 41.79985046386719 51.883567810058594 106.62174987792969 108.68370056152344 340.0
-1.0 -1.0 51.56132125854492 51.67668151855469 41.79985046386719 51.88762283325195 107.81829833984375 106.98805236816406 341.0
-1.0 -1.0 51.55024337768555 51.258853912353516 41.79985046386719 51.46168518066406 107.41944885253906 106.95154571533203 342.0
-1.0 -1.0 51.52808380126953 51.2507438659668 41.79985046386719 51.90790557861328 106.62174987792969 107.00428009033203 343.0
-1.0 -1.0 51.53546905517578 51.68074035644531 41.79985046386719 51.46168518066406 106.88764953613281 110.81340026855469 344.0
-1.0 -1.0 51.53300857543945 51.18989181518555 41.79985046386719 51.82677459716797 107.41944885253906 107.00833892822266 345.0
-1.0 -1.0 51.53382873535156 51.648284912109375 41.79985046386719 51.88762283325195 108.48304748535156 111.770751953125 346.0
-1.0 -1.0 51.53546905517578 51.63206100463867 41.79985046386719 51.50225067138672 110.61024475097656 113.84365844726562 347.0
-1.0 -1.0 51.5349235534668 51.29130935668945 41.79985046386719 51.859230041503906 109.90118408203125 106.98400115966797 348.0
-1.0 -1.0 51.53510284423828 51.68885040283203 41.79985046386719 51.798377990722656 108.48304748535156 108.37540435791016 349.0
-1.0 -1.0 51.53504180908203 51.222347259521484 41.79985046386719 51.46979522705078 108.95575714111328 114.22903442382812 350.0
-1.0 -1.0 51.535064697265625 52.09856414794922 41.79985046386719 51.429229736328125 109.90118408203125 112.93498992919922 351.0
-1.0 -1.0 51.53510284423828 52.102622985839844 41.79985046386719 51.477909088134766 109.58604431152344 107.81964874267578 352.0
-1.0 -1.0 51.535186767578125 52.102622985839844 41.79985046386719 51.39677810668945 108.95575714111328 107.30852508544922 353.0
-1.0 -1.0 51.535160064697266 51.29941940307617 41.79985046386719 51.34404373168945 109.16585540771484 109.13397979736328 354.0
-1.0 -1.0 51.5351676940918 51.660457611083984 41.79985046386719 51.36027145385742 109.0958251953125 108.18474578857422 355.0
-1.0 -1.0 51.535186767578125 51.67668151855469 41.79985046386719 51.39677810668945 108.95575714111328 108.32672119140625 356.0
-1.0 -1.0 51.535221099853516 52.81657791137695 41.79985046386719 51.48196792602539 109.00244903564453 110.3996353149414 357.0
-1.0 -1.0 51.53520965576172 51.254798889160156 41.79985046386719 51.421119689941406 108.98688507080078 107.92512512207031 358.0
-1.0 -1.0 51.535186767578125 51.24668502807617 41.79985046386719 51.85111618041992 108.95575714111328 107.37748718261719 359.0
-1.0 -1.0 51.53513717651367 51.258853912353516 41.79985046386719 51.48602294921875 108.96613311767578 109.63699340820312 360.0
-1.0 -1.0 51.53504180908203 51.2507438659668 41.79985046386719 51.46979522705078 108.96267700195312 107.9007797241211 361.0
-1.0 -1.0 51.53485107421875 51.3034782409668 41.79985046386719 51.429229736328125 108.95575714111328 107.36125946044922 362.0
-1.0 -1.0 51.534912109375 51.73752975463867 41.79985046386719 51.477909088134766 108.94192504882812 108.83379364013672 363.0
-1.0 -1.0 51.53489303588867 51.2507438659668 41.79985046386719 51.429229736328125 108.946533203125 110.03453826904297 364.0
-1.0 -1.0 51.53485107421875 51.1614990234375 41.79985046386719 51.4089469909668 108.94499969482422 107.44644927978516 365.0
-1.0 -1.0 51.53476333618164 51.18178176879883 41.79985046386719 51.48602294921875 108.94551086425781 109.5761489868164 366.0
-1.0 -1.0 51.53459167480469 51.254798889160156 41.79985046386719 51.4089469909668 108.94534301757812 108.5417251586914 367.0
-1.0 -1.0 51.53464889526367 51.68885040283203 41.79985046386719 51.48602294921875 108.94499969482422 108.72020721435547 368.0
-1.0 -1.0 51.534629821777344 50.828857421875 41.79985427856445 51.35215759277344 108.9443130493164 108.23748016357422 369.0
-1.0 -1.0 51.53459167480469 51.31159210205078 41.799861907958984 51.36432647705078 108.94294738769531 107.4626693725586 370.0
-1.0 -1.0 51.534515380859375 51.279136657714844 41.79987335205078 51.421119689941406 108.94340515136719 112.65914154052734 371.0
-1.0 -1.0 51.534542083740234 52.966670989990234 41.79990005493164 51.490081787109375 108.94325256347656 108.34294891357422 372.0
-1.0 -1.0 51.53459167480469 52.66648483276367 41.799949645996094 51.89573669433594 108.94294738769531 108.31049346923828 373.0
-1.0 -1.0 51.53469467163086 51.67668151855469 41.800052642822266 51.45357131958008 108.94234466552734 108.29427337646484 374.0
-1.0 -1.0 51.53466033935547 51.23857116699219 41.800254821777344 51.87545394897461 108.94113159179688 106.90286254882812 375.0
-1.0 -1.0 51.534671783447266 51.72130584716797 41.8006591796875 51.53470230102539 108.94153594970703 109.58020782470703 376.0
-1.0 -1.0 51.53466796875 51.258853912353516 41.80146789550781 51.94847106933594 108.94139862060547 107.0732421875 377.0
-1.0 -1.0 51.53466796875 51.67262649536133 41.80308532714844 51.56715393066406 108.94113159179688 107.5113525390625 378.0
-1.0 -1.0 51.534671783447266 51.73347473144531 41.80632400512695 51.94441604614258 108.94121551513672 109.23133850097656 379.0
-1.0 -1.0 51.534671783447266 50.85319900512695 41.812801361083984 51.80243682861328 108.94139862060547 109.08124542236328 380.0
-1.0 -1.0 51.534671783447266 51.660457611083984 41.82575607299805 51.477909088134766 108.94133758544922 107.45455932617188 381.0
-1.0 -1.0 51.534671783447266 51.26291275024414 41.85166549682617 51.83488845825195 108.94136047363281 109.14209747314453 382.0
-1.0 -1.0 51.534671783447266 51.279136657714844 41.903480529785156 51.50630569458008 108.94139862060547 112.14801788330078 383.0
-1.0 -1.0 51.534671783447266 51.2507438659668 42.00711441040039 51.916019439697266 108.9413833618164 108.23748016357422 384.0
-1.0 -1.0 51.534671783447266 49.972923278808594 42.21438217163086 51.90385055541992 108.94136047363281 108.29832458496094 385.0
-1.0 -1.0 51.534671783447266 51.65639877319336 42.62891387939453 51.48602294921875 108.9413070678711 106.98805236816406 386.0
-1.0 -1.0 51.534671783447266 51.23857116699219 43.457977294921875 51.425174713134766 108.94132232666016 109.97369384765625 387.0
-1.0 -1.0 51.534671783447266 51.258853912353516 45.11610794067383 51.3562126159668 108.94136047363281 110.40774536132812 388.0
-1.0 -1.0 51.53466796875 51.24263000488281 48.43236541748047 51.35215759277344 108.94134521484375 108.29832458496094 389.0
-1.0 -1.0 51.53466796875 51.254798889160156 55.06488037109375 51.473854064941406 108.94132232666016 106.46070098876953 390.0
-1.0 -1.0 51.53466796875 51.2507438659668 52.854042053222656 51.43328857421875 108.94132995605469 110.35906982421875 391.0
-1.0 -1.0 51.534664154052734 50.94649887084961 48.43236541748047 51.4089469909668 108.94132995605469 107.80747985839844 392.0
-1.0 -1.0 51.53466033935547 51.307533264160156 49.90625762939453 51.3562126159668 108.94132232666016 107.8237075805664 393.0
-1.0 -1.0 51.53464889526367 51.2142333984375 52.854042053222656 51.41300582885742 108.94131469726562 108.20096588134766 394.0
-1.0 -1.0 51.534629821777344 51.254798889160156 51.87144470214844 51.38055419921875 108.94129180908203 107.8480453491211 395.0
-1.0 -1.0 51.53458786010742 51.254798889160156 49.90625762939453 51.494136810302734 108.94129943847656 113.8071517944336 396.0
-1.0 -1.0 51.53450012207031 51.23451614379883 50.56132125854492 51.43328857421875 108.94129943847656 107.8480453491211 397.0
-1.0 -1.0 51.534332275390625 51.254798889160156 51.87144470214844 51.376495361328125 108.94129180908203 107.85616302490234 398.0
-1.0 -1.0 51.53399658203125 51.2507438659668 51.43473815917969 51.1614990234375 108.9412841796875 108.24964904785156 399.0
-1.0 -1.0 51.533321380615234 51.28725051879883 51.58030700683594 51.45762634277344 108.9412841796875 112.57801055908203 400.0
-1.0 -1.0 51.53197479248047 51.24668502807617 51.53178405761719 51.46574020385742 108.9412841796875 108.73643493652344 401.0
-1.0 -1.0 51.52927780151367 51.258853912353516 51.43473815917969 51.41706085205078 108.9412841796875 107.4586181640625 402.0
-1.0 -1.0 51.523887634277344 51.254798889160156 51.46708679199219 51.45357131958008 108.9412841796875 114.75639343261719 403.0
-1.0 -1.0 51.51310348510742 51.327816009521484 51.53178405761719 51.85517120361328 108.9412841796875 107.93323516845703 404.0
-1.0 -1.0 51.491539001464844 51.26291275024414 51.66117858886719 51.85517120361328 108.9412841796875 107.44644927978516 405.0
-1.0 -1.0 51.44840621948242 51.258853912353516 51.618045806884766 51.490081787109375 108.9412841796875 107.38153839111328 406.0
-1.0 -1.0 51.362144470214844 51.2507438659668 51.632423400878906 51.77404022216797 108.94127655029297 107.48701477050781 407.0
-1.0 -1.0 51.18961715698242 51.24668502807617 51.62763214111328 51.40083694458008 108.94127655029297 107.89266967773438 408.0
-1.0 -1.0 51.24712371826172 51.275081634521484 51.618045806884766 51.372440338134766 108.94127655029297 109.57209014892578 409.0
-1.0 -1.0 51.362144470214844 53.22629165649414 51.598876953125 51.45762634277344 108.94127655029297 114.28176879882812 410.0
-1.0 -1.0 51.32380294799805 51.2507438659668 51.56053924560547 51.429229736328125 108.94127655029297 107.20304870605469 411.0
-1.0 -1.0 51.24712371826172 51.24263000488281 51.48386001586914 51.50630569458008 108.94127655029297 107.44644927978516 412.0
-1.0 -1.0 51.27268600463867 51.2507438659668 51.50941848754883 51.579322814941406 108.94127655029297 107.88861083984375 413.0
-1.0 -1.0 51.32380294799805 51.67262649536133 51.50090026855469 51.46979522705078 108.94126892089844 107.01239013671875 414.0
-1.0 -1.0 51.42604064941406 51.644229888916016 51.48386001586914 51.376495361328125 108.94126892089844 110.04265594482422 415.0
-1.0 -1.0 51.63051986694336 51.62800216674805 51.489540100097656 51.526588439941406 108.94127655029297 109.11370086669922 416.0
-1.0 -1.0 52.03947067260742 53.20600891113281 51.50090026855469 51.53064727783203 108.94126892089844 108.78511810302734 417.0
-1.0 -1.0 52.85737609863281 52.524505615234375 51.49711227416992 51.490081787109375 108.94126892089844 112.88225555419922 418.0
-1.0 -1.0 52.58474349975586 52.54884719848633 51.489540100097656 51.490081787109375 108.94126892089844 107.06513214111328 419.0
-1.0 -1.0 52.03947067260742 52.528564453125 51.4920654296875 51.53470230102539 108.94126892089844 107.86021423339844 420.0
-1.0 -1.0 52.221229553222656 53.031578063964844 51.4912223815918 51.41300582885742 108.94126892089844 107.9007797241211 421.0
-1.0 -1.0 52.58474349975586 52.92205047607422 51.489540100097656 51.38866424560547 108.94126892089844 107.49512481689453 422.0
-1.0 -1.0 52.46356964111328 51.67668151855469 51.48617172241211 51.46979522705078 108.94126892089844 107.41805267333984 423.0
-1.0 -1.0 52.50395965576172 52.589412689208984 51.47944259643555 51.48602294921875 108.9412612915039 107.98596954345703 424.0
-1.0 -1.0 52.58474349975586 52.909881591796875 51.46597671508789 51.45762634277344 108.94125366210938 107.91295623779297 425.0
-1.0 -1.0 52.74630355834961 52.966670989990234 51.43905258178711 51.46168518066406 108.94123077392578 107.44239044189453 426.0
-1.0 -1.0 52.692447662353516 52.471771240234375 51.448028564453125 51.494136810302734 108.94119262695312 108.76077270507812 427.0
-1.0 -1.0 52.58474349975586 52.49610900878906 51.46597671508789 51.50225067138672 108.94110870361328 107.41805267333984 428.0
-1.0 -1.0 52.369327545166016 51.74970245361328 51.45999526977539 51.445457458496094 108.9409408569336 107.38965606689453 429.0
-1.0 -1.0 52.441131591796875 52.61375045776367 51.46199035644531 51.46979522705078 108.94099426269531 109.14209747314453 430.0
-1.0 -1.0 52.417198181152344 51.60366439819336 51.46597671508789 51.911964416503906 108.94110870361328 110.46859741210938 431.0
-1.0 -1.0 52.369327545166016 51.254798889160156 51.47395706176758 51.818660736083984 108.94132995605469 116.85769653320312 432.0
-1.0 -1.0 52.27358627319336 51.206119537353516 51.48991394042969 51.84300231933594 108.94125366210938 107.40182495117188 433.0
-1.0 -1.0 52.08210372924805 51.29130935668945 51.521827697753906 51.92818832397461 108.94110870361328 108.76077270507812 434.0
-1.0 -1.0 51.69914627075195 51.72130584716797 51.585655212402344 51.53470230102539 108.94115447998047 109.61671447753906 435.0
-1.0 -1.0 50.933223724365234 51.24668502807617 51.71330642700195 51.867340087890625 108.9411392211914 108.83379364013672 436.0
-1.0 -1.0 51.18852996826172 52.95450210571289 51.96861267089844 51.7943229675293 108.94114685058594 112.92282104492188 437.0
-1.0 -1.0 51.69914627075195 51.43734359741211 51.88351058959961 51.46979522705078 108.94114685058594 108.6471939086914 438.0
-1.0 -1.0 51.52893829345703 51.58338165283203 51.71330642700195 51.36838150024414 108.9411392211914 108.25775909423828 439.0
-1.0 -1.0 51.58567428588867 51.67668151855469 51.770042419433594 51.867340087890625 108.94113159179688 108.25370788574219 440.0
-1.0 -1.0 51.56676483154297 51.23451614379883 51.751129150390625 51.5103645324707 108.94111633300781 108.75672149658203 441.0
-1.0 -1.0 51.52893829345703 51.28319549560547 51.71330642700195 51.473854064941406 108.94108581542969 108.29427337646484 442.0
-1.0 -1.0 51.54154968261719 51.63611602783203 51.63766098022461 51.441402435302734 108.94103240966797 108.30644226074219 443.0
-1.0 -1.0 51.56676483154297 52.81657791137695 51.486366271972656 51.36838150024414 108.94091033935547 108.2618179321289 444.0
-1.0 -1.0 51.55835723876953 51.31564712524414 51.183780670166016 51.34809875488281 108.94068145751953 107.92512512207031 445.0
-1.0 -1.0 51.561161041259766 52.92610549926758 51.28464126586914 51.44951248168945 108.94075775146484 110.00209045410156 446.0
-1.0 -1.0 51.56676483154297 51.67262649536133 51.486366271972656 51.932247161865234 108.94091033935547 109.5477523803711 447.0
-1.0 -1.0 51.56489562988281 51.33592987060547 51.88981628417969 51.916019439697266 108.94086456298828 107.45050048828125 448.0
-1.0 -1.0 51.561161041259766 51.18583679199219 51.755332946777344 51.498191833496094 108.94075775146484 107.41805267333984 449.0
-1.0 -1.0 51.553688049316406 51.339988708496094 51.8001594543457 51.84300231933594 108.9405517578125 108.25370788574219 450.0
-1.0 -1.0 51.53874588012695 51.24668502807617 51.88981628417969 51.94036102294922 108.94062042236328 109.12586975097656 451.0
-1.0 -1.0 51.50886154174805 51.21828842163086 52.06912612915039 51.89168167114258 108.94059753417969 108.67559051513672 452.0
-1.0 -1.0 51.44908905029297 51.254798889160156 52.00935745239258 51.818660736083984 108.9405517578125 108.26587677001953 453.0
-1.0 -1.0 51.329551696777344 51.26291275024414 51.88981628417969 51.52253341674805 108.94046020507812 107.45050048828125 454.0
-1.0 -1.0 51.09046936035156 51.24668502807617 51.650733947753906 51.863285064697266 108.94027709960938 108.30644226074219 455.0
-1.0 -1.0 51.170162200927734 51.3562126159668 51.73042678833008 51.94036102294922 108.93990325927734 107.40182495117188 456.0
-1.0 -1.0 51.329551696777344 51.24668502807617 51.88981628417969 51.82271957397461 108.93916320800781 107.02861785888672 457.0
-1.0 -1.0 51.27642059326172 51.2669677734375 51.83668518066406 51.798377990722656 108.93941497802734 110.90670013427734 458.0
-1.0 -1.0 51.170162200927734 51.226402282714844 51.85439682006836 51.94036102294922 108.9393310546875 108.66747283935547 459.0
-1.0 -1.0 51.20558166503906 51.35215759277344 51.84849166870117 51.38055419921875 108.93916320800781 106.96371459960938 460.0
-1.0 -1.0 51.27642059326172 51.206119537353516 51.850460052490234 51.916019439697266 108.93922424316406 112.58612823486328 461.0
-1.0 -1.0 51.41809844970703 51.3562126159668 51.85439682006836 51.94441604614258 108.93920135498047 107.44644927978516 462.0
-1.0 -1.0 51.370872497558594 51.26291275024414 51.853084564208984 51.8470573425293 108.93916320800781 107.36936950683594 463.0
-1.0 -1.0 51.27642059326172 51.279136657714844 51.850460052490234 51.5103645324707 108.93909454345703 107.96163177490234 464.0
-1.0 -1.0 51.30790710449219 51.29941940307617 51.84521484375 51.55904006958008 108.93894958496094 108.34700775146484 465.0
-1.0 -1.0 51.370872497558594 51.65234375 51.834720611572266 51.38866424560547 108.93865966796875 108.25775909423828 466.0
-1.0 -1.0 51.49680709838867 51.692909240722656 51.81372833251953 51.80649185180664 108.93875122070312 109.25973510742188 467.0
-1.0 -1.0 51.454830169677734 51.24668502807617 51.82072448730469 51.92413330078125 108.938720703125 108.30644226074219 468.0
-1.0 -1.0 51.370872497558594 51.206119537353516 51.81839370727539 51.50630569458008 108.93872833251953 109.19483184814453 469.0
-1.0 -1.0 51.20296096801758 51.24668502807617 51.81917190551758 51.89979553222656 108.93872833251953 107.04078674316406 470.0
-1.0 -1.0 51.25893020629883 51.2507438659668 51.818912506103516 51.526588439941406 108.938720703125 108.3145523071289 471.0
-1.0 -1.0 51.370872497558594 51.2669677734375 51.819000244140625 51.89168167114258 108.93870544433594 107.4099349975586 472.0
-1.0 -1.0 51.594757080078125 52.88959884643555 51.8189697265625 51.50630569458008 108.93871307373047 110.0385971069336 473.0
-1.0 -1.0 51.5201301574707 51.2507438659668 51.818912506103516 51.51441955566406 108.93871307373047 107.02456665039062 474.0
-1.0 -1.0 51.370872497558594 51.327816009521484 51.81879806518555 51.46574020385742 108.93870544433594 107.51946258544922 475.0
-1.0 -1.0 51.07236099243164 51.258853912353516 51.818565368652344 51.45357131958008 108.93870544433594 109.14209747314453 476.0
-1.0 -1.0 51.1718635559082 55.311370849609375 51.818641662597656 51.92413330078125 108.93871307373047 110.86613464355469 477.0
-1.0 -1.0 51.370872497558594 51.70102310180664 51.81861877441406 51.43734359741211 108.93871307373047 111.74235534667969 478.0
-1.0 -1.0 51.304534912109375 51.3034782409668 51.818626403808594 51.830833435058594 108.938720703125 110.80123138427734 479.0
-1.0 -1.0 51.1718635559082 51.254798889160156 51.818641662597656 51.879512786865234 108.938720703125 108.24964904785156 480.0
-1.0 -1.0 51.216087341308594 51.206119537353516 51.81863784790039 51.48196792602539 108.93871307373047 108.23748016357422 481.0
-1.0 -1.0 51.304534912109375 51.24668502807617 51.818626403808594 51.798377990722656 108.93870544433594 108.2861557006836 482.0
-1.0 -1.0 51.4814338684082 51.35215759277344 51.818603515625 51.46574020385742 108.93870544433594 109.10558319091797 483.0
-1.0 -1.0 51.42246627807617 51.258853912353516 51.81855773925781 51.44951248168945 108.93870544433594 108.33078002929688 484.0
-1.0 -1.0 51.304534912109375 51.206119537353516 51.81846618652344 51.421119689941406 108.93870544433594 109.17454528808594 485.0
-1.0 -1.0 51.06867599487305 51.26291275024414 51.81828689575195 51.52253341674805 108.93870544433594 109.1907730102539 486.0
-1.0 -1.0 51.14729690551758 51.2507438659668 51.81792068481445 51.34404373168945 108.93870544433594 108.76483154296875 487.0
-1.0 -1.0 51.304534912109375 51.3034782409668 51.81804275512695 51.92007827758789 108.93870544433594 108.22936248779297 488.0
-1.0 -1.0 51.25212478637695 51.24263000488281 51.81828689575195 51.92413330078125 108.93870544433594 108.29021453857422 489.0
-1.0 -1.0 51.269596099853516 51.31564712524414 51.81877136230469 51.83488845825195 108.93870544433594 108.71615600585938 490.0
-1.0 -1.0 51.304534912109375 51.29536437988281 51.819740295410156 51.863285064697266 108.9386978149414 108.36323547363281 491.0
-1.0 -1.0 51.374420166015625 51.3562126159668 51.81941604614258 51.810550689697266 108.93869018554688 108.21719360351562 492.0
-1.0 -1.0 51.35112762451172 51.210174560546875 51.81877136230469 51.818660736083984 108.93866729736328 106.95965576171875 493.0
-1.0 -1.0 51.304534912109375 51.26291275024414 51.817474365234375 51.41300582885742 108.93863677978516 107.4099349975586 494.0
-1.0 -1.0 51.21135711669922 51.24263000488281 51.817909240722656 51.92007827758789 108.93864440917969 112.4928207397461 495.0
-1.0 -1.0 51.24241638183594 51.258853912353516 51.81776428222656 51.80649185180664 108.93866729736328 109.64511108398438 496.0
-1.0 -1.0 51.23206329345703 51.23451614379883 51.817474365234375 51.46168518066406 108.938720703125 109.6004867553711 497.0
